MAE: 3328.778314316951
RMSE: 4288.090597396513